ErroQuad:  55.71523605095193687475330080
TaxaAcertos: 675.58805031572205734846647829
