ErroQuad:  24.25146506416636427161392930
TaxaAcertos:  64.00000000000000000000000000
